                                    Heist to the Museum - Description of the internal state
 MstT    Thief 1      Thief 2      Thief 3      Thief 4      Thief 5      Thief 6
 Stat    Stat S MD    Stat S MD    Stat S MD    Stat S MD    Stat S MD    Stat S MD
                     Assault party 1                                  Assault party 2                                                 Museum
           Elem 1         Elem 2        Elem 3                    Elem 1        Elem 2         Elem 3          Room 1      Room 2      Room 3      Room 4      Room 5
     Rid  Id Pos Cv     Id Pos Cv     Id Pos Cv             Rid  Id Pos Cv     Id Pos Cv     Id Pos Cv         NP DT       NP DT       NP DT       NP DT       NP DT
-----------------------------------------------------------------------------------------------------------------------------------------------------------------------------------
   0      1  P  0       1  P  0      1  P  0   
     0   0   0   0     0   0   0     0   0   0             0   0   0   0      0   0   0     0   0   0         0   0       0   0       0   0       0   0       0   0
-----------------------------------------------------------------------------------------------------------------------------------------------------------------------------------
   0      1  P  0       1  P  0      1  P  0   
     0   0   0   0     0   0   0     0   0   0             0   0   0   0      0   0   0     0   0   0         0   0       0   0       0   0       0   0       0   0
-----------------------------------------------------------------------------------------------------------------------------------------------------------------------------------
   0      1  P  0       1  P  0      1  P  0   
     0   0   0   0     0   0   0     0   0   0             0   0   0   0      0   0   0     0   0   0         0   0       0   0       0   0       0   0       0   0
-----------------------------------------------------------------------------------------------------------------------------------------------------------------------------------
   0      1  P  0       1  P  0      1  P  0   
     0   0   0   0     0   0   0     0   0   0             0   0   0   0      0   0   0     0   0   0         0   0       0   0       0   0       0   0       0   0
-----------------------------------------------------------------------------------------------------------------------------------------------------------------------------------
   0      1  P  0       1  P  0      1  P  0   
     0   2   0   0     2   0   0     2   0   0             0   2   0   0      2   0   0     2   0   0         0   0       0   0       0   0       0   0       0   0
-----------------------------------------------------------------------------------------------------------------------------------------------------------------------------------
   0      1  P  0       1  P  0      1  P  0   
     0   2   0   0     2   0   0     2   0   0             0   2   0   0      2   0   0     2   0   0         0   0       0   0       0   0       0   0       0   0
-----------------------------------------------------------------------------------------------------------------------------------------------------------------------------------
   0      1  P  0       1  P  0      1  P  0   
     0   5   0   0     5   0   0     5   0   0             0   5   0   0      5   0   0     5   0   0         0   0       0   0       0   0       0   0       0   0
-----------------------------------------------------------------------------------------------------------------------------------------------------------------------------------
   0      1  P  0       1  P  0      1  P  0   
     0   5   4   0     5   4   0     5   4   0             0   5   4   0      5   4   0     5   4   0         0   0       0   0       0   0       0   0       0   0
-----------------------------------------------------------------------------------------------------------------------------------------------------------------------------------
   0      1  P  0       1  P  0      1  P  0   
     0   5   4   0     5   4   0     5   4   0             0   5   4   0      5   4   0     5   4   0         0   0       0   0       0   0       0   0       0   0
-----------------------------------------------------------------------------------------------------------------------------------------------------------------------------------
   0      1  P  0       1  P  0      1  P  0   
     0   5   4   0     5   4   0     5   4   0             0   5   4   0      5   4   0     5   4   0         0   0       0   0       0   0       0   0       0   0
-----------------------------------------------------------------------------------------------------------------------------------------------------------------------------------
   0      1  P  0       1  P  0      1  P  0   
     0   5   4   0     5   4   0     5   4   0             0   5   4   0      5   4   0     5   4   0         0   0       0   0       0   0       0   0       0   0
-----------------------------------------------------------------------------------------------------------------------------------------------------------------------------------
   0      1  P  0       1  P  0      1  P  0   
     0   5   4   0     5   4   0     5   4   0             0   5   4   0      5   4   0     5   4   0         0   0       0   0       0   0       0   0       0   0
-----------------------------------------------------------------------------------------------------------------------------------------------------------------------------------
   0      1  P  0       1  P  0      1  P  0   
     0   5   4   0     5   4   0     5   4   0             0   5   4   0      5   4   0     5   4   0         0   0       0   0       0   0       0   0       0   0
-----------------------------------------------------------------------------------------------------------------------------------------------------------------------------------
   0      1  P  0       1  P  0      1  P  0   
     0   5   5   0     5   5   0     5   5   0             0   5   5   0      5   5   0     5   5   0         0   0       0   0       0   0       0   0       0   0
-----------------------------------------------------------------------------------------------------------------------------------------------------------------------------------
   0      1  P  0       1  P  0      1  P  0   
     0   5   5   0     5   5   0     5   5   0             0   5   5   0      5   5   0     5   5   0         0   0       0   0       0   0       0   0       0   0
-----------------------------------------------------------------------------------------------------------------------------------------------------------------------------------
   0      1  P  0       1  P  0      1  P  0   
     0   5   8   0     5   8   0     5   8   0             0   5   8   0      5   8   0     5   8   0         0   0       0   0       0   0       0   0       0   0
-----------------------------------------------------------------------------------------------------------------------------------------------------------------------------------
   0      1  P  0       1  P  0      1  P  0   
     0   5   8   0     5   8   0     5   8   0             0   5   8   0      5   8   0     5   8   0         0   0       0   0       0   0       0   0       0   0
-----------------------------------------------------------------------------------------------------------------------------------------------------------------------------------
   0      1  P  0       1  P  0      1  P  0   
     0   5   7   0     5   7   0     5   7   0             0   5   7   0      5   7   0     5   7   0         0   0       0   0       0   0       0   0       0   0
-----------------------------------------------------------------------------------------------------------------------------------------------------------------------------------
   0      1  P  0       1  P  0      1  P  0   
     0   5   7   0     5   7   0     5   7   0             0   5   7   0      5   7   0     5   7   0         0   0       0   0       0   0       0   0       0   0
-----------------------------------------------------------------------------------------------------------------------------------------------------------------------------------
   0      1  P  0       1  P  0      1  P  0   
     0   5   8   0     5   8   0     5   8   0             0   5   8   0      5   8   0     5   8   0         0   0       0   0       0   0       0   0       0   0
-----------------------------------------------------------------------------------------------------------------------------------------------------------------------------------
   0      1  P  0       1  P  0      1  P  0   
     0   5   7   0     5   7   0     5   7   0             0   5   7   0      5   7   0     5   7   0         0   0       0   0       0   0       0   0       0   0
-----------------------------------------------------------------------------------------------------------------------------------------------------------------------------------
   0      1  P  0       1  P  0      1  P  0   
     0   5   6   0     5   6   0     5   6   0             0   5   6   0      5   6   0     5   6   0         0   0       0   0       0   0       0   0       0   0
-----------------------------------------------------------------------------------------------------------------------------------------------------------------------------------
   0      1  P  0       1  P  0      1  P  0   
     0   5   6   0     5   6   0     5   6   0             0   5   6   0      5   6   0     5   6   0         0   0       0   0       0   0       0   0       0   0
-----------------------------------------------------------------------------------------------------------------------------------------------------------------------------------
   0      1  P  0       1  P  0      1  P  0   
     0   5  10   0     5  10   0     5  10   0             0   5  10   0      5  10   0     5  10   0         0   0       0   0       0   0       0   0       0   0
-----------------------------------------------------------------------------------------------------------------------------------------------------------------------------------
   0      1  P  0       1  P  0      1  P  0   
     0   5  10   0     5  10   0     5  10   0             0   5  10   0      5  10   0     5  10   0         0   0       0   0       0   0       0   0       0   0
-----------------------------------------------------------------------------------------------------------------------------------------------------------------------------------
   0      1  P  0       1  P  0      1  P  0   
     0   5   9   0     5   9   0     5   9   0             0   5   9   0      5   9   0     5   9   0         0   0       0   0       0   0       0   0       0   0
-----------------------------------------------------------------------------------------------------------------------------------------------------------------------------------
   0      1  P  0       1  P  0      1  P  0   
     0   5   9   0     5   9   0     5   9   0             0   5   9   0      5   9   0     5   9   0         0   0       0   0       0   0       0   0       0   0
-----------------------------------------------------------------------------------------------------------------------------------------------------------------------------------
   0      1  P  0       1  P  0      1  P  0   
     0   5  10   0     5  10   0     5  10   0             0   5  10   0      5  10   0     5  10   0         0   0       0   0       0   0       0   0       0   0
-----------------------------------------------------------------------------------------------------------------------------------------------------------------------------------
   0      1  P  0       1  P  0      1  P  0   
     0   5   9   0     5   9   0     5   9   0             0   5   9   0      5   9   0     5   9   0         0   0       0   0       0   0       0   0       0   0
-----------------------------------------------------------------------------------------------------------------------------------------------------------------------------------
   0      1  P  0       1  P  0      1  P  0   
     0   5   8   0     5   8   0     5   8   0             0   5   8   0      5   8   0     5   8   0         0   0       0   0       0   0       0   0       0   0
-----------------------------------------------------------------------------------------------------------------------------------------------------------------------------------
   0      1  P  0       1  P  0      1  P  0   
     0   5   8   0     5   8   0     5   8   0             0   5   8   0      5   8   0     5   8   0         0   0       0   0       0   0       0   0       0   0
-----------------------------------------------------------------------------------------------------------------------------------------------------------------------------------
   0      1  P  0       1  P  0      1  P  0   
     0   5  12   0     5  12   0     5  12   0             0   5  12   0      5  12   0     5  12   0         0   0       0   0       0   0       0   0       0   0
-----------------------------------------------------------------------------------------------------------------------------------------------------------------------------------
   0      1  P  0       1  P  0      1  P  0   
     0   5  12   0     5  12   0     5  12   0             0   5  12   0      5  12   0     5  12   0         0   0       0   0       0   0       0   0       0   0
-----------------------------------------------------------------------------------------------------------------------------------------------------------------------------------
   0      1  P  0       1  P  0      1  P  0   
     0   5  11   0     5  11   0     5  11   0             0   5  11   0      5  11   0     5  11   0         0   0       0   0       0   0       0   0       0   0
-----------------------------------------------------------------------------------------------------------------------------------------------------------------------------------
   0      1  P  0       1  P  0      1  P  0   
     0   5  11   0     5  11   0     5  11   0             0   5  11   0      5  11   0     5  11   0         0   0       0   0       0   0       0   0       0   0
-----------------------------------------------------------------------------------------------------------------------------------------------------------------------------------
   0      1  P  0       1  P  0      1  P  0   
     0   5  12   0     5  12   0     5  12   0             0   5  12   0      5  12   0     5  12   0         0   0       0   0       0   0       0   0       0   0
-----------------------------------------------------------------------------------------------------------------------------------------------------------------------------------
   0      1  P  0       1  P  0      1  P  0   
     0   5  11   0     5  11   0     5  11   0             0   5  11   0      5  11   0     5  11   0         0   0       0   0       0   0       0   0       0   0
-----------------------------------------------------------------------------------------------------------------------------------------------------------------------------------
   0      1  P  0       1  P  0      1  P  0   
     0   5  10   0     5  10   0     5  10   0             0   5  10   0      5  10   0     5  10   0         0   0       0   0       0   0       0   0       0   0
-----------------------------------------------------------------------------------------------------------------------------------------------------------------------------------
   0      1  P  0       1  P  0      1  P  0   
     0   5  10   0     5  10   0     5  10   0             0   5  10   0      5  10   0     5  10   0         0   0       0   0       0   0       0   0       0   0
-----------------------------------------------------------------------------------------------------------------------------------------------------------------------------------
   0      1  P  0       1  P  0      1  P  0   
     0   5  14   0     5  14   0     5  14   0             0   5  14   0      5  14   0     5  14   0         0   0       0   0       0   0       0   0       0   0
-----------------------------------------------------------------------------------------------------------------------------------------------------------------------------------
   0      1  P  0       1  P  0      1  P  0   
     0   5  14   0     5  14   0     5  14   0             0   5  14   0      5  14   0     5  14   0         0   0       0   0       0   0       0   0       0   0
-----------------------------------------------------------------------------------------------------------------------------------------------------------------------------------
   0      1  P  0       1  P  0      1  P  0   
     0   5  13   0     5  13   0     5  13   0             0   5  13   0      5  13   0     5  13   0         0   0       0   0       0   0       0   0       0   0
-----------------------------------------------------------------------------------------------------------------------------------------------------------------------------------
   0      1  P  0       1  P  0      1  P  0   
     0   5  13   0     5  13   0     5  13   0             0   5  13   0      5  13   0     5  13   0         0   0       0   0       0   0       0   0       0   0
-----------------------------------------------------------------------------------------------------------------------------------------------------------------------------------
   0      1  P  0       1  P  0      1  P  0   
     0   5  14   0     5  14   0     5  14   0             0   5  14   0      5  14   0     5  14   0         0   0       0   0       0   0       0   0       0   0
-----------------------------------------------------------------------------------------------------------------------------------------------------------------------------------
   0      1  P  0       1  P  0      1  P  0   
     0   5  13   0     5  13   0     5  13   0             0   5  13   0      5  13   0     5  13   0         0   0       0   0       0   0       0   0       0   0
-----------------------------------------------------------------------------------------------------------------------------------------------------------------------------------
   0      1  P  0       1  P  0      1  P  0   
     0   5  12   0     5  12   0     5  12   0             0   5  12   0      5  12   0     5  12   0         0   0       0   0       0   0       0   0       0   0
-----------------------------------------------------------------------------------------------------------------------------------------------------------------------------------
   0      1  P  0       1  P  0      1  P  0   
     0   5  12   0     5  12   0     5  12   0             0   5  12   0      5  12   0     5  12   0         0   0       0   0       0   0       0   0       0   0
-----------------------------------------------------------------------------------------------------------------------------------------------------------------------------------
   0      1  P  0       1  P  0      1  P  0   
     0   5  16   0     5  16   0     5  16   0             0   5  16   0      5  16   0     5  16   0         0   0       0   0       0   0       0   0       0   0
-----------------------------------------------------------------------------------------------------------------------------------------------------------------------------------
   0      1  P  0       1  P  0      1  P  0   
     0   5  16   0     5  16   0     5  16   0             0   5  16   0      5  16   0     5  16   0         0   0       0   0       0   0       0   0       0   0
-----------------------------------------------------------------------------------------------------------------------------------------------------------------------------------
   0      1  P  0       1  P  0      1  P  0   
     0   5  15   0     5  15   0     5  15   0             0   5  15   0      5  15   0     5  15   0         0   0       0   0       0   0       0   0       0   0
-----------------------------------------------------------------------------------------------------------------------------------------------------------------------------------
   0      1  P  0       1  P  0      1  P  0   
     0   5  15   0     5  15   0     5  15   0             0   5  15   0      5  15   0     5  15   0         0   0       0   0       0   0       0   0       0   0
-----------------------------------------------------------------------------------------------------------------------------------------------------------------------------------
   0      1  P  0       1  P  0      1  P  0   
     0   5  16   0     5  16   0     5  16   0             0   5  16   0      5  16   0     5  16   0         0   0       0   0       0   0       0   0       0   0
-----------------------------------------------------------------------------------------------------------------------------------------------------------------------------------
   0      1  P  0       1  P  0      1  P  0   
     0   5  15   0     5  15   0     5  15   0             0   5  15   0      5  15   0     5  15   0         0   0       0   0       0   0       0   0       0   0
-----------------------------------------------------------------------------------------------------------------------------------------------------------------------------------
   0      1  P  0       1  P  0      1  P  0   
     0   5  14   0     5  14   0     5  14   0             0   5  14   0      5  14   0     5  14   0         0   0       0   0       0   0       0   0       0   0
-----------------------------------------------------------------------------------------------------------------------------------------------------------------------------------
   0      1  P  0       1  P  0      1  P  0   
     0   5  14   0     5  14   0     5  14   0             0   5  14   0      5  14   0     5  14   0         0   0       0   0       0   0       0   0       0   0
-----------------------------------------------------------------------------------------------------------------------------------------------------------------------------------
   0      1  P  0       1  P  0      1  P  0   
     0   5  18   0     5  18   0     5  18   0             0   5  18   0      5  18   0     5  18   0         0   0       0   0       0   0       0   0       0   0
-----------------------------------------------------------------------------------------------------------------------------------------------------------------------------------
   0      1  P  0       1  P  0      1  P  0   
     0   5  18   0     5  18   0     5  18   0             0   5  18   0      5  18   0     5  18   0         0   0       0   0       0   0       0   0       0   0
-----------------------------------------------------------------------------------------------------------------------------------------------------------------------------------
   0      1  P  0       1  P  0      1  P  0   
     0   5  17   0     5  17   0     5  17   0             0   5  17   0      5  17   0     5  17   0         0   0       0   0       0   0       0   0       0   0
-----------------------------------------------------------------------------------------------------------------------------------------------------------------------------------
   0      1  P  0       1  P  0      1  P  0   
     0   5  17   0     5  17   0     5  17   0             0   5  17   0      5  17   0     5  17   0         0   0       0   0       0   0       0   0       0   0
-----------------------------------------------------------------------------------------------------------------------------------------------------------------------------------
   0      1  P  0       1  P  0      1  P  0   
     0   5  18   0     5  18   0     5  18   0             0   5  18   0      5  18   0     5  18   0         0   0       0   0       0   0       0   0       0   0
-----------------------------------------------------------------------------------------------------------------------------------------------------------------------------------
   0      1  P  0       1  P  0      1  P  0   
     0   5  17   0     5  17   0     5  17   0             0   5  17   0      5  17   0     5  17   0         0   0       0   0       0   0       0   0       0   0
-----------------------------------------------------------------------------------------------------------------------------------------------------------------------------------
   0      1  P  0       1  P  0      1  P  0   
     0   5  16   0     5  16   0     5  16   0             0   5  16   0      5  16   0     5  16   0         0   0       0   0       0   0       0   0       0   0
-----------------------------------------------------------------------------------------------------------------------------------------------------------------------------------
   0      1  P  0       1  P  0      1  P  0   
     0   5  16   0     5  16   0     5  16   0             0   5  16   0      5  16   0     5  16   0         0   0       0   0       0   0       0   0       0   0
-----------------------------------------------------------------------------------------------------------------------------------------------------------------------------------
   0      1  P  0       1  P  0      1  P  0   
     0   5  20   0     5  20   0     5  20   0             0   5  20   0      5  20   0     5  20   0         0   0       0   0       0   0       0   0       0   0
-----------------------------------------------------------------------------------------------------------------------------------------------------------------------------------
   0      1  P  0       1  P  0      1  P  0   
     0   5  20   0     5  20   0     5  20   0             0   5  20   0      5  20   0     5  20   0         0   0       0   0       0   0       0   0       0   0
-----------------------------------------------------------------------------------------------------------------------------------------------------------------------------------
   0      1  P  0       1  P  0      1  P  0   
     0   5  19   0     5  19   0     5  19   0             0   5  19   0      5  19   0     5  19   0         0  20       0  20       0  20       0  20       0  20
-----------------------------------------------------------------------------------------------------------------------------------------------------------------------------------
   0      1  P  0       1  P  0      1  P  0   
     0   5  19   0     5  19   0     5  19   0             0   5  19   0      5  19   0     5  19   0         0  20       0  20       0  20       0  20       0  20
-----------------------------------------------------------------------------------------------------------------------------------------------------------------------------------
   0      1  P  0       1  P  0      1  P  0   
     0   5  20   0     5  20   0     5  20   0             0   5  20   0      5  20   0     5  20   0         0  20       0  20       0  20       0  20       0  20
-----------------------------------------------------------------------------------------------------------------------------------------------------------------------------------
   0      1  P  0       1  P  0      1  P  0   
     0   5  20   0     5  20   0     5  20   0             0   5  20   0      5  20   0     5  20   0         0  20       0  20       0  20       0  20       0  20
-----------------------------------------------------------------------------------------------------------------------------------------------------------------------------------
   0      1  P  0       1  P  0      1  P  0   
     0   5  20   0     5  20   0     5  20   0             0   5  20   0      5  20   0     5  20   0         0  20       0  20       0  20       0  20       0  20
-----------------------------------------------------------------------------------------------------------------------------------------------------------------------------------
   0      1  P  0       1  P  0      1  P  0   
     0   5  20   0     5  20   0     5  20   0             0   5  20   0      5  20   0     5  20   0         0  20       0  20       0  20       0  20       0  20
-----------------------------------------------------------------------------------------------------------------------------------------------------------------------------------
   0      3  P  0       1  P  0      1  P  0   
     0   5  20   0     5  20   0     5  20   0             0   5  20   0      5  20   0     5  20   0         0  20       0  20       0  20       0  20       0  20
-----------------------------------------------------------------------------------------------------------------------------------------------------------------------------------
   0      3  P  0       1  P  0      1  P  0   
     0   5  20   0     5  20   0     5  20   0             0   5  20   0      5  20   0     5  20   0         0  20       0  20       0  20       0  20       0  20
-----------------------------------------------------------------------------------------------------------------------------------------------------------------------------------
   0      3  P  0       1  P  0      3  P  0   
     0   5  20   0     5  20   0     5  20   0             0   5  20   0      5  20   0     5  20   0         0  20       0  20       0  20       0  20       0  20
-----------------------------------------------------------------------------------------------------------------------------------------------------------------------------------
   0      3  P  0       1  P  0      3  P  0   
     0   5  16   0     5  16   0     5  16   0             0   5  16   0      5  16   0     5  16   0         0  20       0  20       0  20       0  20       0  20
-----------------------------------------------------------------------------------------------------------------------------------------------------------------------------------
   0      3  P  0       1  P  0      3  P  0   
     0   5  16   0     5  16   0     5  16   0             0   5  16   0      5  16   0     5  16   0         0  20       0  20       0  20       0  20       0  20
-----------------------------------------------------------------------------------------------------------------------------------------------------------------------------------
   0      3  P  0       1  P  0      3  P  0   
     0   5  16   0     5  16   0     5  16   0             0   5  16   0      5  16   0     5  16   0         0  20       0  20       0  20       0  20       0  20
-----------------------------------------------------------------------------------------------------------------------------------------------------------------------------------
   0      3  P  0       1  P  0      3  P  0   
     0   5  16   0     5  16   0     5  16   0             0   5  16   0      5  16   0     5  16   0         0  20       0  20       0  20       0  20       0  20
-----------------------------------------------------------------------------------------------------------------------------------------------------------------------------------
   0      3  P  0       1  P  0      3  P  0   
     0   5  16   0     5  16   0     5  16   0             0   5  16   0      5  16   0     5  16   0         0  20       0  20       0  20       0  20       0  20
-----------------------------------------------------------------------------------------------------------------------------------------------------------------------------------
   0      3  P  0       1  P  0      3  P  0   
     0   5  16   0     5  16   0     5  16   0             0   5  16   0      5  16   0     5  16   0         0  20       0  20       0  20       0  20       0  20
-----------------------------------------------------------------------------------------------------------------------------------------------------------------------------------
   0      3  P  0       1  P  0      3  P  0   
     0   5  15   0     5  15   0     5  15   0             0   5  15   0      5  15   0     5  15   0         0  20       0  20       0  20       0  20       0  20
-----------------------------------------------------------------------------------------------------------------------------------------------------------------------------------
   0      3  P  0       1  P  0      3  P  0   
     0   5  15   0     5  15   0     5  15   0             0   5  15   0      5  15   0     5  15   0         0  20       0  20       0  20       0  20       0  20
-----------------------------------------------------------------------------------------------------------------------------------------------------------------------------------
   0      3  P  0       1  P  0      3  P  0   
     0   5  12   0     5  12   0     5  12   0             0   5  12   0      5  12   0     5  12   0         0  20       0  20       0  20       0  20       0  20
-----------------------------------------------------------------------------------------------------------------------------------------------------------------------------------
   0      3  P  0       1  P  0      3  P  0   
     0   5  12   0     5  12   0     5  12   0             0   5  12   0      5  12   0     5  12   0         0  20       0  20       0  20       0  20       0  20
-----------------------------------------------------------------------------------------------------------------------------------------------------------------------------------
   0      3  P  0       1  P  0      3  P  0   
     0   5  13   0     5  13   0     5  13   0             0   5  13   0      5  13   0     5  13   0         0  20       0  20       0  20       0  20       0  20
-----------------------------------------------------------------------------------------------------------------------------------------------------------------------------------
   0      3  P  0       1  P  0      3  P  0   
     0   5  13   0     5  13   0     5  13   0             0   5  13   0      5  13   0     5  13   0         0  20       0  20       0  20       0  20       0  20
-----------------------------------------------------------------------------------------------------------------------------------------------------------------------------------
   0      3  P  0       1  P  0      3  P  0   
     0   5  12   0     5  12   0     5  12   0             0   5  12   0      5  12   0     5  12   0         0  20       0  20       0  20       0  20       0  20
-----------------------------------------------------------------------------------------------------------------------------------------------------------------------------------
   0      3  P  0       1  P  0      3  P  0   
     0   5  13   0     5  13   0     5  13   0             0   5  13   0      5  13   0     5  13   0         0  20       0  20       0  20       0  20       0  20
-----------------------------------------------------------------------------------------------------------------------------------------------------------------------------------
   0      3  P  0       1  P  0      3  P  0   
     0   5  14   0     5  14   0     5  14   0             0   5  14   0      5  14   0     5  14   0         0  20       0  20       0  20       0  20       0  20
-----------------------------------------------------------------------------------------------------------------------------------------------------------------------------------
   0      3  P  0       1  P  0      3  P  0   
     0   5  14   0     5  14   0     5  14   0             0   5  14   0      5  14   0     5  14   0         0  20       0  20       0  20       0  20       0  20
-----------------------------------------------------------------------------------------------------------------------------------------------------------------------------------
   0      3  P  0       1  P  0      3  P  0   
     0   5  10   0     5  10   0     5  10   0             0   5  10   0      5  10   0     5  10   0         0  20       0  20       0  20       0  20       0  20
-----------------------------------------------------------------------------------------------------------------------------------------------------------------------------------
   0      3  P  0       1  P  0      3  P  0   
     0   5  10   0     5  10   0     5  10   0             0   5  10   0      5  10   0     5  10   0         0  20       0  20       0  20       0  20       0  20
-----------------------------------------------------------------------------------------------------------------------------------------------------------------------------------
   0      3  P  0       1  P  0      3  P  0   
     0   5  11   0     5  11   0     5  11   0             0   5  11   0      5  11   0     5  11   0         0  20       0  20       0  20       0  20       0  20
-----------------------------------------------------------------------------------------------------------------------------------------------------------------------------------
   0      3  P  0       1  P  0      3  P  0   
     0   5  11   0     5  11   0     5  11   0             0   5  11   0      5  11   0     5  11   0         0  20       0  20       0  20       0  20       0  20
-----------------------------------------------------------------------------------------------------------------------------------------------------------------------------------
   0      3  P  0       1  P  0      3  P  0   
     0   5  10   0     5  10   0     5  10   0             0   5  10   0      5  10   0     5  10   0         0  20       0  20       0  20       0  20       0  20
-----------------------------------------------------------------------------------------------------------------------------------------------------------------------------------
   0      3  P  0       1  P  0      3  P  0   
     0   5  11   0     5  11   0     5  11   0             0   5  11   0      5  11   0     5  11   0         0  20       0  20       0  20       0  20       0  20
-----------------------------------------------------------------------------------------------------------------------------------------------------------------------------------
   0      3  P  0       1  P  0      3  P  0   
     0   5  12   0     5  12   0     5  12   0             0   5  12   0      5  12   0     5  12   0         0  20       0  20       0  20       0  20       0  20
-----------------------------------------------------------------------------------------------------------------------------------------------------------------------------------
   0      3  P  0       1  P  0      3  P  0   
     0   5  12   0     5  12   0     5  12   0             0   5  12   0      5  12   0     5  12   0         0  20       0  20       0  20       0  20       0  20
-----------------------------------------------------------------------------------------------------------------------------------------------------------------------------------
   0      3  P  0       1  P  0      3  P  0   
     0   5   8   0     5   8   0     5   8   0             0   5   8   0      5   8   0     5   8   0         0  20       0  20       0  20       0  20       0  20
-----------------------------------------------------------------------------------------------------------------------------------------------------------------------------------
   0      3  P  0       1  P  0      3  P  0   
     0   5   8   0     5   8   0     5   8   0             0   5   8   0      5   8   0     5   8   0         0  20       0  20       0  20       0  20       0  20
-----------------------------------------------------------------------------------------------------------------------------------------------------------------------------------
   0      3  P  0       1  P  0      3  P  0   
     0   5   9   0     5   9   0     5   9   0             0   5   9   0      5   9   0     5   9   0         0  20       0  20       0  20       0  20       0  20
-----------------------------------------------------------------------------------------------------------------------------------------------------------------------------------
   0      3  P  0       1  P  0      3  P  0   
     0   5   9   0     5   9   0     5   9   0             0   5   9   0      5   9   0     5   9   0         0  20       0  20       0  20       0  20       0  20
-----------------------------------------------------------------------------------------------------------------------------------------------------------------------------------
   0      3  P  0       1  P  0      3  P  0   
     0   5   8   0     5   8   0     5   8   0             0   5   8   0      5   8   0     5   8   0         0  20       0  20       0  20       0  20       0  20
-----------------------------------------------------------------------------------------------------------------------------------------------------------------------------------
   0      3  P  0       1  P  0      3  P  0   
     0   5   9   0     5   9   0     5   9   0             0   5   9   0      5   9   0     5   9   0         0  20       0  20       0  20       0  20       0  20
-----------------------------------------------------------------------------------------------------------------------------------------------------------------------------------
   0      3  P  0       1  P  0      3  P  0   
     0   5  10   0     5  10   0     5  10   0             0   5  10   0      5  10   0     5  10   0         0  20       0  20       0  20       0  20       0  20
-----------------------------------------------------------------------------------------------------------------------------------------------------------------------------------
   0      3  P  0       1  P  0      3  P  0   
     0   5  10   0     5  10   0     5  10   0             0   5  10   0      5  10   0     5  10   0         0  20       0  20       0  20       0  20       0  20
-----------------------------------------------------------------------------------------------------------------------------------------------------------------------------------
   0      3  P  0       1  P  0      3  P  0   
     0   5   6   0     5   6   0     5   6   0             0   5   6   0      5   6   0     5   6   0         0  20       0  20       0  20       0  20       0  20
-----------------------------------------------------------------------------------------------------------------------------------------------------------------------------------
   0      3  P  0       1  P  0      3  P  0   
     0   5   6   0     5   6   0     5   6   0             0   5   6   0      5   6   0     5   6   0         0  20       0  20       0  20       0  20       0  20
-----------------------------------------------------------------------------------------------------------------------------------------------------------------------------------
   0      3  P  0       1  P  0      3  P  0   
     0   5   7   0     5   7   0     5   7   0             0   5   7   0      5   7   0     5   7   0         0  20       0  20       0  20       0  20       0  20
-----------------------------------------------------------------------------------------------------------------------------------------------------------------------------------
   0      3  P  0       1  P  0      3  P  0   
     0   5   7   0     5   7   0     5   7   0             0   5   7   0      5   7   0     5   7   0         0  20       0  20       0  20       0  20       0  20
-----------------------------------------------------------------------------------------------------------------------------------------------------------------------------------
   0      3  P  0       1  P  0      3  P  0   
     0   5   6   0     5   6   0     5   6   0             0   5   6   0      5   6   0     5   6   0         0  20       0  20       0  20       0  20       0  20
-----------------------------------------------------------------------------------------------------------------------------------------------------------------------------------
   0      3  P  0       1  P  0      3  P  0   
     0   5   7   0     5   7   0     5   7   0             0   5   7   0      5   7   0     5   7   0         0  20       0  20       0  20       0  20       0  20
-----------------------------------------------------------------------------------------------------------------------------------------------------------------------------------
   0      3  P  0       1  P  0      3  P  0   
     0   5   8   0     5   8   0     5   8   0             0   5   8   0      5   8   0     5   8   0         0  20       0  20       0  20       0  20       0  20
-----------------------------------------------------------------------------------------------------------------------------------------------------------------------------------
   0      3  P  0       1  P  0      3  P  0   
     0   5   8   0     5   8   0     5   8   0             0   5   8   0      5   8   0     5   8   0         0  20       0  20       0  20       0  20       0  20
-----------------------------------------------------------------------------------------------------------------------------------------------------------------------------------
   0      3  P  0       1  P  0      3  P  0   
     0   5   4   0     5   4   0     5   4   0             0   5   4   0      5   4   0     5   4   0         0  20       0  20       0  20       0  20       0  20
-----------------------------------------------------------------------------------------------------------------------------------------------------------------------------------
   0      3  P  0       1  P  0      3  P  0   
     0   5   4   0     5   4   0     5   4   0             0   5   4   0      5   4   0     5   4   0         0  20       0  20       0  20       0  20       0  20
-----------------------------------------------------------------------------------------------------------------------------------------------------------------------------------
   0      3  P  0       1  P  0      3  P  0   
     0   5   5   0     5   5   0     5   5   0             0   5   5   0      5   5   0     5   5   0         0  20       0  20       0  20       0  20       0  20
-----------------------------------------------------------------------------------------------------------------------------------------------------------------------------------
   0      3  P  0       1  P  0      3  P  0   
     0   5   5   0     5   5   0     5   5   0             0   5   5   0      5   5   0     5   5   0         0  20       0  20       0  20       0  20       0  20
-----------------------------------------------------------------------------------------------------------------------------------------------------------------------------------
   0      3  P  0       1  P  0      3  P  0   
     0   5   4   0     5   4   0     5   4   0             0   5   4   0      5   4   0     5   4   0         0  20       0  20       0  20       0  20       0  20
-----------------------------------------------------------------------------------------------------------------------------------------------------------------------------------
   0      3  P  0       1  P  0      3  P  0   
     0   5   5   0     5   5   0     5   5   0             0   5   5   0      5   5   0     5   5   0         0  20       0  20       0  20       0  20       0  20
-----------------------------------------------------------------------------------------------------------------------------------------------------------------------------------
   0      3  P  0       1  P  0      3  P  0   
     0   5   6   0     5   6   0     5   6   0             0   5   6   0      5   6   0     5   6   0         0  20       0  20       0  20       0  20       0  20
-----------------------------------------------------------------------------------------------------------------------------------------------------------------------------------
   0      3  P  0       1  P  0      3  P  0   
     0   5   6   0     5   6   0     5   6   0             0   5   6   0      5   6   0     5   6   0         0  20       0  20       0  20       0  20       0  20
-----------------------------------------------------------------------------------------------------------------------------------------------------------------------------------
   0      3  P  0       1  P  0      3  P  0   
     0   5   2   0     5   2   0     5   2   0             0   5   2   0      5   2   0     5   2   0         0  20       0  20       0  20       0  20       0  20
-----------------------------------------------------------------------------------------------------------------------------------------------------------------------------------
   0      3  P  0       1  P  0      3  P  0   
     0   5   2   0     5   2   0     5   2   0             0   5   2   0      5   2   0     5   2   0         0  20       0  20       0  20       0  20       0  20
-----------------------------------------------------------------------------------------------------------------------------------------------------------------------------------
   0      3  P  0       1  P  0      3  P  0   
     0   5   3   0     5   3   0     5   3   0             0   5   3   0      5   3   0     5   3   0         0  20       0  20       0  20       0  20       0  20
-----------------------------------------------------------------------------------------------------------------------------------------------------------------------------------
   0      3  P  0       1  P  0      3  P  0   
     0   5   3   0     5   3   0     5   3   0             0   5   3   0      5   3   0     5   3   0         0  20       0  20       0  20       0  20       0  20
-----------------------------------------------------------------------------------------------------------------------------------------------------------------------------------
   0      3  P  0       1  P  0      3  P  0   
     0   5   2   0     5   2   0     5   2   0             0   5   2   0      5   2   0     5   2   0         0  20       0  20       0  20       0  20       0  20
-----------------------------------------------------------------------------------------------------------------------------------------------------------------------------------
   0      3  P  0       1  P  0      3  P  0   
     0   5   3   0     5   3   0     5   3   0             0   5   3   0      5   3   0     5   3   0         0  20       0  20       0  20       0  20       0  20
-----------------------------------------------------------------------------------------------------------------------------------------------------------------------------------
   0      3  P  0       1  P  0      3  P  0   
     0   5   4   0     5   4   0     5   4   0             0   5   4   0      5   4   0     5   4   0         0  20       0  20       0  20       0  20       0  20
-----------------------------------------------------------------------------------------------------------------------------------------------------------------------------------
   0      3  P  0       1  P  0      3  P  0   
     0   5   4   0     5   4   0     5   4   0             0   5   4   0      5   4   0     5   4   0         0  20       0  20       0  20       0  20       0  20
-----------------------------------------------------------------------------------------------------------------------------------------------------------------------------------
   0      3  P  0       1  P  0      3  P  0   
     0   5   0   0     5   0   0     5   0   0             0   5   0   0      5   0   0     5   0   0         0  20       0  20       0  20       0  20       0  20
-----------------------------------------------------------------------------------------------------------------------------------------------------------------------------------
   0      3  P  0       1  P  0      3  P  0   
     0   5   0   0     5   0   0     5   0   0             0   5   0   0      5   0   0     5   0   0         0  20       0  20       0  20       0  20       0  20
-----------------------------------------------------------------------------------------------------------------------------------------------------------------------------------
   0      3  P  0       1  P  0      3  P  0   
     0   5   1   0     5   1   0     5   1   0             0   5   1   0      5   1   0     5   1   0         0  20       0  20       0  20       0  20       0  20
-----------------------------------------------------------------------------------------------------------------------------------------------------------------------------------
   0      3  P  0       1  P  0      3  P  0   
     0   5   1   0     5   1   0     5   1   0             0   5   1   0      5   1   0     5   1   0         0  20       0  20       0  20       0  20       0  20
-----------------------------------------------------------------------------------------------------------------------------------------------------------------------------------
   0      3  P  0       1  P  0      3  P  0   
     0   5   0   0     5   0   0     5   0   0             0   5   0   0      5   0   0     5   0   0         0  20       0  20       0  20       0  20       0  20
-----------------------------------------------------------------------------------------------------------------------------------------------------------------------------------
   0      3  P  0       1  P  0      3  P  0   
     0   5   0   0     5   0   0     5   0   0             0   5   0   0      5   0   0     5   0   0         0  20       0  20       0  20       0  20       0  20
-----------------------------------------------------------------------------------------------------------------------------------------------------------------------------------
   0      3  P  0       1  P  0      3  P  0   
     0   5   0   0     5   0   0     5   0   0             0   5   0   0      5   0   0     5   0   0         0  20       0  20       0  20       0  20       0  20
-----------------------------------------------------------------------------------------------------------------------------------------------------------------------------------
   0      3  P  0       1  P  0      3  P  0   
     0   5   0   0     5   0   0     5   0   0             0   5   0   0      5   0   0     5   0   0         0  20       0  20       0  20       0  20       0  20
